255 255 255 255 255 255 255 255 255 255 255 255 255 255 255 255
255   0   0   0   0   0 255   0   0 255   0   0   0   0   0 255
255   0 255 255 255   0   0 255 255   0   0 255 255 255   0 255
255   0 255   0 191   0   0   0 255   0   0 191   0 255   0 255
255   0 255 191 239   0  64  64   0  64   0 239 191 255   0 255
255   0   0   0   0   0   0 255 255   0   0   0   0   0   0 255
255   0   0   0 191   0   0   0   0   0 255  64   0   0 255 255
255 255   0   0   0 255   0 255 255 255   0   0 255 255   0 255
255 255   0   0  64 255 255 255   0   0 255  64   0   0 255 255
255   0 255   0  64   0 255   0 255 255   0 255 255   0   0 255
255   0   0   0   0   0   0 255   0   0 255 255 255   0 255 255
255   0 255 191 239   0 191 191 255 191 191 255  64 255 255 255
255   0 255   0 191   0   0 255   0 255   0   0   0   0 255 255
255   0 255 255 255   0   0   0   0 255 255  64   0 255 255 255
255   0   0   0   0   0   0   0   0 255   0 191 255   0 255 255
255 255 255 255 255 255 255 255 255 255 255 255 255 255 255 255
255 255 255 255 255 255 255 255 255 255 255 255 255 255 255 255
255   0   0   0   0   0 255   0   0 255   0   0   0   0   0 255
255   0 255 255 255   0   0 255 255   0   0 255 255 255   0 255
255   0 255   0 191   0   0   0 255   0   0 191   0 255   0 255
255   0 255 191 239   0  64  64   0  64   0 239 191 255   0 255
255   0   0   0   0   0   0 255 255   0   0   0   0   0   0 255
255   0   0   0 191   0   0   0   0   0 255  64   0   0 255 255
255 255   0   0   0 255   0 255 255 255   0   0 255 255   0 255
255 255   0   0  64 255 255 255   0   0 255  64   0   0 255 255
255   0 255   0  64   0 255   0 255 255   0 255 255   0   0 255
255   0   0   0   0   0   0 255   0   0 255 255 255   0 255 255
255   0 255 191 239   0 191 191 255 191 191 255  64 255 255 255
255   0 255   0 191   0   0 255   0 255   0   0   0   0 255 255
255   0 255 255 255   0   0   0   0 255 255  64   0 255 255 255
255   0   0   0   0   0   0   0   0 255   0 191 255   0 255 255
255 255 255 255 255 255 255 255 255 255 255 255 255 255 255 255
255 255 255 255 255 255 255 255 255 255 255 255 255 255 255 255
255   0   0   0   0   0 255   0   0 255   0   0   0   0   0 255
255   0 255 255 255   0   0 255 255   0   0 255 255 255   0 255
255   0 255   0 191   0   0   0 255   0   0 191   0 255   0 255
255   0 255 191 239   0  64  64   0  64   0 239 191 255   0 255
255   0   0   0   0   0   0 255 255   0   0   0   0   0   0 255
255   0   0   0 191   0   0   0   0   0 255  64   0   0 255 255
255 255   0   0   0 255   0 255 255 255   0   0 255 255   0 255
255 255   0   0  64 255 255 255   0   0 255  64   0   0 255 255
255   0 255   0  64   0 255   0 255 255   0 255 255   0   0 255
255   0   0   0   0   0   0 255   0   0 255 255 255   0 255 255
255   0 255 191 239   0 191 191 255 191 191 255  64 255 255 255
255   0 255   0 191   0   0 255   0 255   0   0   0   0 255 255
255   0 255 255 255   0   0   0   0 255 255  64   0 255 255 255
255   0   0   0   0   0   0   0   0 255   0 191 255   0 255 255
255 255 255 255 255 255 255 255 255 255 255 255 255 255 255 255

255 255 255 255 255 255 255 255 255 255 255 255 255 255 255 255
255   0   0   0   0   0 255   0 255   0 255 255 255 255 255 255
255   0 255 255 255   0   0 255   0   0   0 255   0 255   0 255
255   0 255   0 191   0   0 255   0 255 255  64   0   0 255 255
255   0 255 191 239   0  64   0  64 255 255 255   0  64 191 255
255   0   0   0   0   0 255   0 255   0 255 191   0 255   0 255
255 255   0   0  64   0   0 255   0 255   0 191 255 255 255 255
255   0 255 255   0 255   0 255   0 255   0 255   0   0   0 255
255   0 255   0  64 255   0 255 255   0 255 191 255   0   0 255
255 255   0   0  64   0   0   0 255 255   0 191   0   0   0 255
255   0   0   0   0   0   0 255 255   0   0   0   0   0   0 255
255   0 255 191 239   0 191   0  64  64   0 239 191 255   0 255
255   0 255   0 191   0   0   0   0   0   0 191   0 255   0 255
255   0 255 255 255   0   0   0   0 255   0 255 255 255   0 255
255   0   0   0   0   0   0 255 255   0   0   0   0   0   0 255
255 255 255 255 255 255 255 255 255 255 255 255 255 255 255 255
255 255 255 255 255 255 255 255 255 255 255 255 255 255 255 255
255   0   0   0   0   0 255   0 255   0 255 255 255 255 255 255
255   0 255 255 255   0   0 255   0   0   0 255   0 255   0 255
255   0 255   0 191   0   0 255   0 255 255  64   0   0 255 255
255   0 255 191 239   0  64   0  64 255 255 255   0  64 191 255
255   0   0   0   0   0 255   0 255   0 255 191   0 255   0 255
255 255   0   0  64   0   0 255   0 255   0 191 255 255 255 255
255   0 255 255   0 255   0 255   0 255   0 255   0   0   0 255
255   0 255   0  64 255   0 255 255   0 255 191 255   0   0 255
255 255   0   0  64   0   0   0 255 255   0 191   0   0   0 255
255   0   0   0   0   0   0 255 255   0   0   0   0   0   0 255
255   0 255 191 239   0 191   0  64  64   0 239 191 255   0 255
255   0 255   0 191   0   0   0   0   0   0 191   0 255   0 255
255   0 255 255 255   0   0   0   0 255   0 255 255 255   0 255
255   0   0   0   0   0   0 255 255   0   0   0   0   0   0 255
255 255 255 255 255 255 255 255 255 255 255 255 255 255 255 255
255 255 255 255 255 255 255 255 255 255 255 255 255 255 255 255
255   0   0   0   0   0 255   0 255   0 255 255 255 255 255 255
255   0 255 255 255   0   0 255   0   0   0 255   0 255   0 255
255   0 255   0 191   0   0 255   0 255 255  64   0   0 255 255
255   0 255 191 239   0  64   0  64 255 255 255   0  64 191 255
255   0   0   0   0   0 255   0 255   0 255 191   0 255   0 255
255 255   0   0  64   0   0 255   0 255   0 191 255 255 255 255
255   0 255 255   0 255   0 255   0 255   0 255   0   0   0 255
255   0 255   0  64 255   0 255 255   0 255 191 255   0   0 255
255 255   0   0  64   0   0   0 255 255   0 191   0   0   0 255
255   0   0   0   0   0   0 255 255   0   0   0   0   0   0 255
255   0 255 191 239   0 191   0  64  64   0 239 191 255   0 255
255   0 255   0 191   0   0   0   0   0   0 191   0 255   0 255
255   0 255 255 255   0   0   0   0 255   0 255 255 255   0 255
255   0   0   0   0   0   0 255 255   0   0   0   0   0   0 255
255 255 255 255 255 255 255 255 255 255 255 255 255 255 255 255

255 255 255 255 255 255 255 255 255 255 255 255 255 255 255 255
255 255   0 255 191   0 255   0   0   0   0   0   0   0   0 255
255 255 255   0  64 255 255   0   0   0   0 255 255 255   0 255
255 255   0   0   0   0 255   0 255   0   0 191   0 255   0 255
255 255 255  64 255 191 191 255 191 191   0 239 191 255   0 255
255 255   0 255 255 255   0   0 255   0   0   0   0   0   0 255
255   0   0 255 255   0 255 255   0 255   0  64   0 255   0 255
255 255   0   0  64 255   0   0 255 255 255  64   0   0 255 255
255   0 255 255   0   0 255 255 255   0 255   0   0   0 255 255
255 255   0   0  64 255   0   0   0   0   0 191   0   0   0 255
255   0   0   0   0   0   0 255 255   0   0   0   0   0   0 255
255   0 255 191 239   0  64   0  64  64   0 239 191 255   0 255
255   0 255   0 191   0   0 255   0   0   0 191   0 255   0 255
255   0 255 255 255   0   0 255 255   0   0 255 255 255   0 255
255   0   0   0   0   0 255   0   0 255   0   0   0   0   0 255
255 255 255 255 255 255 255 255 255 255 255 255 255 255 255 255
255 255 255 255 255 255 255 255 255 255 255 255 255 255 255 255
255 255   0 255 191   0 255   0   0   0   0   0   0   0   0 255
255 255 255   0  64 255 255   0   0   0   0 255 255 255   0 255
255 255   0   0   0   0 255   0 255   0   0 191   0 255   0 255
255 255 255  64 255 191 191 255 191 191   0 239 191 255   0 255
255 255   0 255 255 255   0   0 255   0   0   0   0   0   0 255
255   0   0 255 255   0 255 255   0 255   0  64   0 255   0 255
255 255   0   0  64 255   0   0 255 255 255  64   0   0 255 255
255   0 255 255   0   0 255 255 255   0 255   0   0   0 255 255
255 255   0   0  64 255   0   0   0   0   0 191   0   0   0 255
255   0   0   0   0   0   0 255 255   0   0   0   0   0   0 255
255   0 255 191 239   0  64   0  64  64   0 239 191 255   0 255
255   0 255   0 191   0   0 255   0   0   0 191   0 255   0 255
255   0 255 255 255   0   0 255 255   0   0 255 255 255   0 255
255   0   0   0   0   0 255   0   0 255   0   0   0   0   0 255
255 255 255 255 255 255 255 255 255 255 255 255 255 255 255 255
255 255 255 255 255 255 255 255 255 255 255 255 255 255 255 255
255 255   0 255 191   0 255   0   0   0   0   0   0   0   0 255
255 255 255   0  64 255 255   0   0   0   0 255 255 255   0 255
255 255   0   0   0   0 255   0 255   0   0 191   0 255   0 255
255 255 255  64 255 191 191 255 191 191   0 239 191 255   0 255
255 255   0 255 255 255   0   0 255   0   0   0   0   0   0 255
255   0   0 255 255   0 255 255   0 255   0  64   0 255   0 255
255 255   0   0  64 255   0   0 255 255 255  64   0   0 255 255
255   0 255 255   0   0 255 255 255   0 255   0   0   0 255 255
255 255   0   0  64 255   0   0   0   0   0 191   0   0   0 255
255   0   0   0   0   0   0 255 255   0   0   0   0   0   0 255
255   0 255 191 239   0  64   0  64  64   0 239 191 255   0 255
255   0 255   0 191   0   0 255   0   0   0 191   0 255   0 255
255   0 255 255 255   0   0 255 255   0   0 255 255 255   0 255
255   0   0   0   0   0 255   0   0 255   0   0   0   0   0 255
255 255 255 255 255 255 255 255 255 255 255 255 255 255 255 255

255 255 255 255 255 255 255 255 255 255 255 255 255 255 255 255
255   0   0   0   0   0   0 255 255   0   0   0   0   0   0 255
255   0 255 255 255   0 255   0   0   0   0 255 255 255   0 255
255   0 255   0 191   0   0   0   0   0   0 191   0 255   0 255
255   0 255 191 239   0  64  64   0 191   0 239 191 255   0 255
255   0   0   0   0   0   0 255 255   0   0   0   0   0   0 255
255   0   0   0 191   0 255 255   0   0   0  64   0   0 255 255
255   0   0 255 191 255   0 255 255   0 255  64   0 255   0 255
255   0   0   0 255   0 255   0 255   0 255   0 255 255   0 255
255 255 255 255 191   0 255   0 255   0   0  64   0   0 255 255
255   0 255   0 191 255   0 255   0 255   0   0   0   0   0 255
255 191  64   0 255 255 255  64   0  64   0 239 191 255   0 255
255 255   0   0  64 255 255   0 255   0   0 191   0 255   0 255
255   0 255   0 255   0   0   0 255   0   0 255 255 255   0 255
255 255 255 255 255 255   0 255   0 255   0   0   0   0   0 255
255 255 255 255 255 255 255 255 255 255 255 255 255 255 255 255
255 255 255 255 255 255 255 255 255 255 255 255 255 255 255 255
255   0   0   0   0   0   0 255 255   0   0   0   0   0   0 255
255   0 255 255 255   0 255   0   0   0   0 255 255 255   0 255
255   0 255   0 191   0   0   0   0   0   0 191   0 255   0 255
255   0 255 191 239   0  64  64   0 191   0 239 191 255   0 255
255   0   0   0   0   0   0 255 255   0   0   0   0   0   0 255
255   0   0   0 191   0 255 255   0   0   0  64   0   0 255 255
255   0   0 255 191 255   0 255 255   0 255  64   0 255   0 255
255   0   0   0 255   0 255   0 255   0 255   0 255 255   0 255
255 255 255 255 191   0 255   0 255   0   0  64   0   0 255 255
255   0 255   0 191 255   0 255   0 255   0   0   0   0   0 255
255 191  64   0 255 255 255  64   0  64   0 239 191 255   0 255
255 255   0   0  64 255 255   0 255   0   0 191   0 255   0 255
255   0 255   0 255   0   0   0 255   0   0 255 255 255   0 255
255 255 255 255 255 255   0 255   0 255   0   0   0   0   0 255
255 255 255 255 255 255 255 255 255 255 255 255 255 255 255 255
255 255 255 255 255 255 255 255 255 255 255 255 255 255 255 255
255   0   0   0   0   0   0 255 255   0   0   0   0   0   0 255
255   0 255 255 255   0 255   0   0   0   0 255 255 255   0 255
255   0 255   0 191   0   0   0   0   0   0 191   0 255   0 255
255   0 255 191 239   0  64  64   0 191   0 239 191 255   0 255
255   0   0   0   0   0   0 255 255   0   0   0   0   0   0 255
255   0   0   0 191   0 255 255   0   0   0  64   0   0 255 255
255   0   0 255 191 255   0 255 255   0 255  64   0 255   0 255
255   0   0   0 255   0 255   0 255   0 255   0 255 255   0 255
255 255 255 255 191   0 255   0 255   0   0  64   0   0 255 255
255   0 255   0 191 255   0 255   0 255   0   0   0   0   0 255
255 191  64   0 255 255 255  64   0  64   0 239 191 255   0 255
255 255   0   0  64 255 255   0 255   0   0 191   0 255   0 255
255   0 255   0 255   0   0   0 255   0   0 255 255 255   0 255
255 255 255 255 255 255   0 255   0 255   0   0   0   0   0 255
255 255 255 255 255 255 255 255 255 255 255 255 255 255 255 255
